BOB 3 3 9.0 8.0 1.0 -4.0 -2.0 3.0 4.0 5.0 6.0
TAYLOR 2 2 -9.0 8.0 4.0 3.0
BARKER 4 4 1.0 9.0 3.0 -2.0 -5.0 4.0 3.0 2.0 1.0 -1.0 0.0 5.0 -2.0 3.0 9.0 8.0
NOSOL 3 4 1.0 2.0 15.0 7.0 2.0 4.0 22.0 8.0 20.0 7.0 34.0 17.0
INFSOL 3 4 1.0 3.0 2.0 5.0 2.0 5.0 2.0 3.0 2.0 7.0 7.0 22.0
NOSOL2 3 5 1.0 -2.0 -5.0 -12.0 1.0 2.0 3.0 18.0 11.0 9.0 2.0 5.0 26.0 21.0 11.0
INFSOL2 3 5 1.0 1.0 1.0 -1.0 -4.0 1.0 -2.0 -2.0 8.0 -1.0 2.0 3.0 -1.0 3.0 11.0
TAYTAY 3 3 2.0 3.0 4.0 5.0 1.0 2.0 3.0 54.0 4.0
TYLER 3 3 1.0 2.0 3.0 4.0 5.0 1.0 2.0 3.0 4.0
RREF 3 4 1.0 2.0 3.0 5.0 9.0 -2.0 3.0 -4.0 1.0 -2.0 3.0 4.0
RREF2 4 5 1.0 3.0 4.0 -5.0 12.0 2.0 3.0 1.0 4.0 -11.0 2.0 3.0 4.0 1.0 -9.0 1.0 4.0 3.0 2.0 -7.0
ROBERTO 2 2 3.0 4.0 -5.0 7.0
HALLO 3 3 1.0 3.0 -2.0 4.0 -5.0 6.0 9.0 -1.0 2.0
